92
88
88
84
80
80
80
80
76
68
64
64
60
56
52
44
40
40
36
32
24
20
20
12
8
4
0
-8
-8
-16
-20
-24
-28
-32
-40
-44
-52
-60
-68
-80
-96
-108
-120
-136
-144
-156
-164
-172
-184
-192
-200
-200
-192
-180
-176
-172
-164
-160
-156
-156
-152
-148
-148
-136
-108
-80
-52
-24
0
28
44
60
72
84
92
108
112
112
112
112
116
116
116
112
112
112
116
116
112
112
116
116
116
116
112
112
112
116
112
112
112
108
100
88
72
56
44
28
12
4
0
-4
-12
-20
-24
-32
-40
-40
-40
-44
-44
-44
-44
-44
-44
-44
-36
-28
-24
-16
-8
-4
0
8
20
32
44
56
72
92
104
112
116
116
116
112
112
112
116
116
116
112
112
112
112
112
108
116
112
112
112
112
116
112
112
116
112
112
108
112
112
108
112
116
116
108
112
112
108
112
112
120
156
208
252
288
340
380
316
188
64
-52
-176
-304
-428
-552
-680
-800
-920
-1044
-1180
-1264
-1196
-1052
-916
-788
-656
-520
-384
-256
-124
8
132
272
396
416
360
308
256
208
156
116
112
120
116
116
116
112
116
116
112
112
112
116
116
112
112
108
108
108
108
108
104
104
104
104
104
100
96
96
92
88
84
84
84
80
80
76
72
68
60
60
56
52
48
44
40
36
32
28
28
20
16
12
8
4
0
-8
-12
-16
-20
-28
-32
-36
-44
-48
-48
-56
-68
-84
-96
-112
-124
-140
-148
-156
-168
-176
-184
-196
-204
-200
-192
-184
-180
-176
-164
-156
-156
-152
-152
-148
-144
-136
-108
-76
-48
-20
0
28
48
56
72
80
92
108
116
116
116
112
112
116
116
112
112
116
116
116
116
116
112
112
116
112
116
116
112
112
116
116
116
112
104
84
72
60
44
32
20
4
-4
-8
-12
-20
-28
-32
-40
-44
-44
-44
-48
-44
-44
-44
-44
-44
-36
-28
-24
-16
-8
-4
0
8
20
36
52
64
76
92
104
116
116
112
112
112
112
112
116
112
116
116
112
112
112
112
116
112
112
112
112
112
108
112
112
112
112
112
108
108
108
108
108
112
116
112
108
108
112
108
104
120
160
208
252
292
344
380
316
188
64
-56
-184
-308
-428
-552
-680
-804
-928
-1048
-1180
-1264
-1192
-1044
-916
-784
-652
-516
-384
-252
-116
8
136
276
400
416
360
308
256
204
152
120
112
116
116
116
116
112
112
112
116
116
116
116
116
112
112
112
112
108
108
108
108
104
104
100
100
100
96
9692
92
84
84
84
80
76
76
72
68
64
60
56
52
48
44
40
36
32
28
24
20
16
8
4
4
0
-4
-8
-12
-20
-28
-32
-36
-40
-44
-48
-56
-68
-84
-96
-104
-120
-136
-148
-156
-168
-176
-188
-200
-200
-196
-188
-184
-180
-168
-160
-160
-156
-156
-156
-148
-148
-140
-108
-80
-52
-24
0
28
48
56
68
80
88
100
112
116
112
116
112
116
116
116
112
112
112
112
112
112
116
116
112
112
112
112
112
112
112
116
116
108
96
80
68
56
44
32
16
4
0
-12
-16
-20
-24
-32
-36
-44
-48
-48
-44
-48
-48
-48
-48
-44
-36
-32
-20
-16
-12
-4
0
8
20
32
48
60
72
88
104
112
112
112
112
112
112
112
112
112
112
112
112
112
112
116
116
112
112
108
112
116
112
108
112
112
112
112
108
112
112
108
108
112
112
112
108
108
108
108
104
120
164
208
252
292
344
380
316
188
60
-60
-184
-308
-432
-560
-684
-804
-928
-1048
-1184
-1264
-1188
-1044
-912
-780
-648
-512
-380
-248
-116
12
136
276
404
416
356
308
256
204
156
120
116
116
116
116
112
112
112
112
108
112
112
112
112
108
108
112
108
108
108
108
104
104
104
100
96
96
96
92
88
84
80
80
76
76
76
72
72
64
60
60
56
52
52
48
36
32
28
28
20
16
12
12
8
4
0
-8
-12
-16
-20
-28
-32
-40
-48
-48
-52
-60
-72
-84
-96
-108
-124
-136
-144
-156
-168
-176
-188
-200
-204
-200
-192
-184
-176
-172
-164
-160
-156
-156
-152
-152
-148
-136
-112
-76
-48
-24
4
28
48
56
68
80
92
108
116
120
116
112
112
116
112
112
116
112
112
112
112
112
116
112
112
112
112
112
112
112
112
112
112
108
96
84
72
60
40
28
12
4
0
-8
-12
-20
-28
-32
-40
-44
-44
-44
-44
-48
-44
-44
-44
-44
-36
-28
-24
-12
-12
-4
4
12
20
28
48
64
80
92
100
112
120
116
112
112
112
112
116
116
112
112
112
112
112
112
112
108
112
116
112
108
112
112
112
112
112
112
112
112
108
112
112
112
112
112
108
112
108
108
112
128
164
208
252
296
344
372
308
180
56
-64
-184
-308
-440
-564
-684
-804
-932
-1056
-1188
-1264
-1188
-1044
-908
-776
-644
-512
-380
-248
-116
16
144
284
404
416
356
304
256
204
152
116
112
116
116
116
112
116
116
112
116
116
116
112
112
116
108
108
112
112
112
108
104
104
104
100
100
104
100
9692
88
84
84
80
76
76
76
72
68
64
64
60
52
48
44
40
36
32
28
24
20
16
12
8
8
0
-8
-8
-16
-24
-28
-36
-36
-40
-44
-52
-60
-72
-84
-96
-108
-124
-140
-148
-164
-172
-176
-184
-200
-200
-200
-192
-184
-176
-172
-168
-160
-156
-156
-152
-148
-148
-136
-108
-76
-52
-24
4
32
48
56
68
80
96
108
112
112
112
112
116
116
116
116
112
116
116
112
112
112
112
116
112
112
112
112
112
112
112
116
112
104
92
80
72
56
44
28
12
0
0
-8
-16
-20
-28
-32
-40
-44
-44
-48
-48
-44
-44
-44
-44
-44
-36
-28
-24
-20
-8
-4
0
8
20
32
48
60
72
88
100
108
112
108
112
112
112
112
112
116
112
108
112
108
108
108
108
108
112
108
112
112
112
112
112
112
112
112
116
116
112
108
112
112
112
108
108
108
112
112
108
124
168
208
256
296
348
376
308
176
52
-64
-188
-316
-444
-564
-688
-812
-936
-1056
-1192
-1264
-1184
-1040
-904
-776
-640
-504
-372
-244
-108
16
144
288
408
416
352
304
256
204
148
116
116
116
116
116
112
112
116
116
112
112
116
112
112
112
108
108
112
108
108
108
108
104
100
100
100
100
96
96
92
84
84
84
80
76
76
72
68
68
64
60
56
56
52
48
44
36
32
28
24
20
16
12
8
4
0
-8
-12
-16
-24
-28
-28
-32
-36
-44
-48
-56
-68
-80
-96
-112
-124
-136
-148
-156
-168
-176
-184
-196
-200
-196
-192
-184
-176
-168
-164
-160
-156
-152
-152
-148
-144
-132
-104
-76
-48
-16
8
32
48
60
76
84
96
108
116
116
120
120
116
112
116
116
116
116
116
116
120
116
112
116
116
120
116
116
116
116
112
112
116
112
96
80
68
56
40
28
16
4
0
-8
-12
-16
-24
-32
-36
-44
-44
-44
-44
-44
-44
-44
-44
-40
-36
-28
-24
-16
-12
-4
0
8
20
32
48
64
76
88
104
112
116
116
112
112
112
112
116
112
112
112
112
112
112
112
116
112
112
112
112
112
112
112
116
116
112
112
116
112
112
112
108
112
116
116
112
112
108
108
108
124
168
216
256
296
348
380
308
172
52
-64
-192
-316
-440
-564
-688
-812
-940
-1064
-1200
-1268
-1180
-1036
-904
-768
-636
-500
-368
-240
-108
20
152
292
404
408
352
304
252
204
148
116
112
120
116
116
116
116
112
116
116
116
116
112
112
116
112
112
112
112
112
112
108
104
100
104
100
96
96
9696
92
88
84
84
80
76
72
72
68
64
60
56
52
48
48
44
36
32
28
24
20
16
12
8
4
0
-8
-12
-16
-24
-28
-32
-36
-44
-52
-52
-60
-76
-84
-100
-108
-120
-136
-148
-156
-164
-176
-188
-196
-200
-196
-192
-184
-176
-168
-164
-156
-156
-156
-152
-152
-144
-132
-104
-76
-48
-20
4
32
48
60
72
84
92
108
116
112
112
112
112
112
116
112
116
116
112
112
112
116
112
112
112
112
112
112
116
112
108
112
112
108
96
80
64
56
40
28
12
4
-4
-8
-12
-16
-24
-28
-40
-44
-44
-48
-44
-44
-40
-44
-44
-44
-36
-28
-20
-16
-8
-4
0
8
20
36
52
60
72
92
104
112
116
112
116
112
112
112
112
112
112
108
108
112
112
116
112
116
116
116
112
112
108
112
116
116
112
112
112
112
112
108
112
116
112
108
112
112
108
108
112
124
168
216
260
296
348
376
304
168
48
-72
-200
-320
-444
-572
-696
-820
-940
-1060
-1196
-1260
-1176
-1028
-900
-772
-636
-504
-372
-240
-108
24
152
292
412
412
352
300
252
204
148
116
116
116
116
116
112
112
112
112
112
112
116
116
112
112
112
108
112
112
108
108
108
100
104
104
100
96
96
92
88
88
84
84
80
76
76
72
72
68
64
60
60
52
48
44
40
36
32
28
24
20
16
12
12
4
0
-4
-12
-12
-20
-28
-32
-36
-36
-44
-52
-56
-72
-84
-100
-112
-124
-140
-148
-160
-168
-176
-184
-196
-204
-196
-188
-188
-180
-168
-164
-160
-156
-156
-152
-148
-144
-132
-104
-72
-48
-20
4
32
44
56
68
84
96
108
112
116
116
112
116
116
112
116
112
116
116
112
112
112
112
116
116
112
108
108
112
116
112
112
112
108
96
80
64
52
44
28
16
4
-4
-8
-12
-16
-20
-32
-40
-48
-44
-44
-44
-44
-44
-48
-48
-44
-36
-28
-20
-16
-8
-8
0
4
16
32
44
60
76
92
108
116
112
108
108
112
112
112
112
116
112
108
112
112
112
108
108
112
112
112
116
112
108
112
116
112
108
112
108
108
108
108
112
112
108
108
108
108
108
108
108
124
168
216
256
300
348
376
300
168
44
-76
-204
-324
-448
-576
-696
-820
-944
-1068
-1200
-1264
-1176
-1028
-896
-764
-632
-500
-368
-236
-104
24
152
292
404
412
348
296
252
200
144
116
116
116
116
112
108
112
116
116
116
116
116
112
108
108
104
108
108
108
108
108
104
100
100
104
100
100
100
9292
92
88
80
80
80
76
76
72
68
64
60
56
52
52
48
44
36
32
28
24
20
16
12
8
0
0
-8
-8
-16
-20
-24
-32
-36
-40
-48
-52
-60
-72
-80
-96
-108
-124
-140
-148
-156
-168
-180
-188
-196
-204
-200
-192
-184
-180
-172
-168
-164
-156
-152
-152
-148
-148
-132
-104
-76
-48
-16
4
32
48
56
72
84
96
112
112
112
116
116
112
112
112
112
112
112
112
116
116
112
112
112
116
112
112
112
112
116
112
112
112
104
96
80
64
52
40
24
16
4
-4
-8
-12
-20
-28
-32
-40
-48
-48
-44
-44
-48
-48
-48
-44
-40
-40
-28
-24
-16
-8
-8
0
8
20
32
44
56
76
92
104
112
112
112
112
112
112
112
112
112
112
112
112
112
112
112
112
112
108
112
112
108
112
112
112
108
108
108
108
108
112
112
108
112
112
108
112
108
112
112
108
128
168
212
256
296
348
376
296
164
40
-76
-200
-328
-448
-572
-704
-828
-944
-1068
-1204
-1264
-1168
-1024
-900
-764
-628
-496
-368
-236
-100
28
156
300
412
408
348
296
248
200
144
116
116
120
116
112
112
112
112
112
112
112
112
112
112
116
112
112
108
108
108
104
104
108
104
100
104
100
96
96
92
88
84
84
84
80
76
72
68
64
64
60
56
52
48
44
40
36
28
24
24
20
12
12
4
4
0
-8
-8
-12
-24
-28
-32
-32
-44
-48
-52
-60
-72
-84
-100
-112
-124
-136
-148
-156
-168
-176
-188
-196
-200
-196
-188
-180
-172
-164
-160
-160
-156
-152
-148
-144
-144
-132
-104
-72
-44
-20
4
28
44
60
72
88
96
108
116
116
116
112
116
116
116
116
112
116
116
112
112
116
116
116
112
116
112
108
112
112
112
112
116
108
96
80
68
52
40
28
16
0
-4
-8
-12
-20
-24
-28
-40
-48
-48
-48
-48
-44
-44
-44
-44
-44
-36
-28
-24
-16
-8
-4
0
12
20
36
48
64
80
96
108
112
112
116
116
112
112
116
112
112
112
112
112
112
108
112
112
112
112
112
112
112
116
108
112
112
112
112
112
108
108
112
112
112
112
108
108
108
112
112
108
124
168
216
260
296
352
372
292
160
40
-80
-208
-332
-460
-580
-704
-824
-948
-1072
-1208
-1264
-1168
-1020
-888
-760
-628
-496
-360
-228
-96
32
160
304
412
408
344
296
244
192
144
116
112
112
112
112
116
116
112
112
112
112
116
116
112
112
112
112
112
108
108
112
108
104
104
104
104
100
96
96